timestamp,y,u,setpoint,T_out,solar,occupancy,occupancy_actual,unexpected_occupancy,residual_pred,residual_obs,unexpected_occupancy_pred,unexpected_occupancy_obs,step_runtime_ms,solver_runtime_ms,forecast_runtime_ms,phase
2025-01-01 00:00:00+00:00,21.0,0.0,18.0,4.018663090120626,3.382700420904355,0.0,0.0,0.0,-0.24760709702968597,-0.5951409497952191,-7.428212910890579,-17.854228493856574,85.02704100010305,84.74545800027045,0.2772080001705035,warmup
2025-01-01 00:20:00+00:00,19.392744236453826,0.10729200431836863,18.0,4.1034363791115025,0.0,0.0,0.0,0.0,-0.3071887493133545,-0.46751482117333154,-9.215662479400635,-14.025444635199946,3.508333000354469,3.2396669998888683,0.26629100011632545,warmup
2025-01-01 00:40:00+00:00,18.15807974988567,0.6062351926600581,18.0,4.504754575202236,0.0,0.0,0.0,0.0,-0.3391171097755432,-0.4535539246272755,-10.173513293266296,-13.606617738818265,3.225375000056374,3.0837499998597195,0.13945899991085753,warmup
2025-01-01 01:00:00+00:00,17.73405558450147,0.8111970235940663,18.0,4.781700252429787,0.0,0.0,0.0,0.0,-0.3954501748085022,-0.41688312081623025,-11.863505244255066,-12.506493624486907,3.182916999776353,3.052291999665613,0.12845900027969037,warmup
2025-01-01 01:20:00+00:00,17.675706976792632,0.8374123928110994,18.0,5.41134841247538,0.0,0.0,0.0,0.0,-0.4175005555152893,-0.45671125904032905,-12.52501666545868,-13.701337771209872,3.181833999860828,3.057292000448797,0.12245800007804064,warmup
2025-01-01 01:40:00+00:00,17.655511553828806,0.7912494837492609,18.0,6.013523777269803,12.228177213018029,1.0,1.0,0.0,-0.4248601794242859,-0.3573353489154414,-12.745805382728577,-10.720060467463242,3.1591659999321564,3.034917000150017,0.12212499996167026,warmup
2025-01-01 02:00:00+00:00,17.76519590332816,0.7139286363284754,18.0,6.25875604536407,0.0,1.0,1.0,0.0,-0.40788212418556213,-0.3709635468251342,-12.236463725566864,-11.128906404754026,3.068458000143437,2.9458750000230793,0.12062499990861397,eval
2025-01-01 02:20:00+00:00,17.73667938921838,0.7059124271604028,18.0,6.787657321761162,14.56347296957652,0.0,0.0,0.0,-0.3899460732936859,-0.2973872575661396,-11.698382198810577,-8.921617726984188,3.0818339996585564,2.9606670000248414,0.1193339999190357,eval
2025-01-01 02:40:00+00:00,17.799755151568526,0.6547965460076713,18.0,6.8433720916958025,0.0,0.0,0.0,0.0,-0.36128801107406616,-0.397015753892358,-10.838640332221985,-11.91047261677074,2.9118749998815474,2.7911249999306165,0.11870799971802626,eval
2025-01-01 03:00:00+00:00,17.662071578494544,0.6561506241559192,18.0,7.727613246138266,0.0,2.0,2.0,0.0,-0.3523918688297272,-0.2976807711890679,-10.571756064891815,-8.930423135672036,3.139333000035549,3.0080409997026436,0.12900000001536682,eval
2025-01-01 03:20:00+00:00,17.753600847849054,0.6129607965775385,18.0,7.942146518488669,0.0,0.0,0.0,0.0,-0.3247082829475403,-0.38595139874071904,-9.741248488426208,-11.578541962221571,7.427874999848427,7.272792000094341,0.1498339997851872,eval
2025-01-01 03:40:00+00:00,17.637107304555265,0.64355853643747,18.0,7.96178742519961,13.64508304319337,1.0,1.0,0.0,-0.32214778661727905,-0.2926970500180559,-9.664433598518372,-8.780911500541677,7.660208000288549,7.370165999873279,0.2857499998754065,eval
2025-01-01 04:00:00+00:00,17.72549651220805,0.5632622068374995,18.0,8.24022473976218,11.32410893622722,1.0,1.0,0.0,-0.3016308546066284,-0.3078700111586983,-9.048925638198853,-9.236100334760948,7.472083999800816,7.217458000013721,0.25091599991355906,eval
2025-01-01 04:20:00+00:00,17.693058835480887,0.5728708869963056,18.0,9.101582043318924,6.241713007151871,0.0,0.0,0.0,-0.29299724102020264,-0.3083414987581783,-8.789917230606079,-9.250244962745349,6.914792000316083,6.714790999922116,0.1976670000658487,eval
2025-01-01 04:40:00+00:00,17.68373139700212,0.5921939387208913,18.0,8.922565143953877,0.0,0.0,0.0,0.0,-0.28994619846343994,-0.3643016441094886,-8.698385953903198,-10.929049323284659,6.802957999752834,6.658082999820181,0.14275000012275996,eval
2025-01-01 05:00:00+00:00,17.622831291918985,0.6187921362662031,18.0,8.978242410249734,12.157205689286211,0.0,0.0,0.0,-0.29840248823165894,-0.24348564600130018,-8.952074646949768,-7.3045693800390055,4.973999999947409,4.844707999836828,0.12720800032184343,eval
2025-01-01 05:20:00+00:00,17.751293715168785,0.5624960866374786,18.0,9.667087577802963,2.052448251242448,0.0,0.0,0.0,-0.27722835540771484,-0.25438972875816646,-8.316850662231445,-7.631691862744994,3.7368749999586726,3.6119169999437872,0.1229170002261526,eval
2025-01-01 05:40:00+00:00,17.803451035963626,0.5825014524502593,18.0,9.352473510400472,9.437424217595186,0.0,0.0,0.0,-0.26514336466789246,-0.2912755693993674,-7.954300940036774,-8.738267081981022,3.6206669997227436,3.49991700022656,0.11854199965455336,eval
2025-01-01 06:00:00+00:00,17.83949369689602,0.6418250338938642,18.0,9.461777533213835,14.830945798748928,0.0,0.0,0.0,-0.2650902271270752,-0.25114879669798285,-7.952706813812256,-7.534463900939485,3.840416000002733,3.7205409998932737,0.1177909998659743,eval
2025-01-01 06:20:00+00:00,18.013898869426015,0.7072635893099792,18.0,9.253437769029144,39.40001259133609,1.0,1.0,0.0,-0.25645115971565247,-0.24165002651013623,-7.693534791469574,-7.249500795304087,3.8892920001671882,3.766833000099723,0.12062499990861397,eval
2025-01-01 06:40:00+00:00,18.348923560442046,1.0,18.0,9.539298346083624,61.8682272528213,0.0,0.0,0.0,-0.2558865547180176,-0.25412474206919455,-7.676596641540527,-7.623742262075837,4.880667000179528,4.752499999995052,0.1259169998775178,eval
2025-01-01 07:00:00+00:00,19.089957760016986,1.0,21.0,9.323912408828834,97.8235394284032,1.0,1.0,0.0,-0.2520405054092407,-0.11980794363101666,-7.561215162277222,-3.5942383089304997,4.305458000089857,4.171333000158484,0.13212500016379636,eval
2025-01-01 07:20:00+00:00,20.013167507504818,0.9522469674987539,21.0,9.412456502390295,95.30754840907755,0.0,0.0,0.0,-0.22469419240951538,-0.16673245606743592,-6.740825772285461,-5.001973682023078,3.1685409999226977,3.0481250000775617,0.11820800000350573,eval
2025-01-01 07:40:00+00:00,20.73415324244692,0.37978869224662765,21.0,9.14520553364944,138.69342508098327,1.0,1.0,0.0,-0.18242521584033966,-0.15933193092586606,-5.47275647521019,-4.779957927775982,3.056624999771884,2.9350830000112182,0.11966700003540609,eval
2025-01-01 08:00:00+00:00,20.721908801633784,0.2786601742125621,21.0,9.908896157332926,119.09292987953756,6.0,6.0,0.0,-0.14649108052253723,-0.09152154139639634,-4.394732415676117,-2.7456462418918903,3.045083999950293,2.926624999872729,0.11649999987639603,eval
2025-01-01 08:20:00+00:00,20.809916605235998,0.2445799954217652,21.0,8.111585375616485,167.06985032961472,4.0,4.0,0.0,-0.1148003414273262,-0.12393492548168084,-3.444010242819786,-3.718047764450425,15.612250000231143,15.490207999846461,0.12012500019409345,eval
2025-01-01 08:40:00+00:00,20.733966833560178,0.26548378971679226,21.0,9.184766124376754,166.9929535903303,6.0,6.0,0.0,-0.1415158212184906,-0.03466784799340061,-4.245474636554718,-1.0400354398020184,7.622042000093643,7.502875000227505,0.11691700001392746,eval
2025-01-01 09:00:00+00:00,20.91201015579994,0.27843215178245634,21.0,8.721927099723853,197.82396927516655,3.0,3.0,0.0,-0.1283140778541565,-0.07260201189287585,-3.849422335624695,-2.1780603567862755,10.126832999958424,10.00987499992334,0.11504199983392027,eval
2025-01-01 09:20:00+00:00,20.993456111588273,0.2810025973410566,21.0,7.637812216533268,215.04251040913385,1.0,1.0,0.0,-0.10969497263431549,-0.12625098025286974,-3.2908491790294647,-3.787529407586092,13.317707999703998,13.198000000102184,0.1177919998553989,eval
2025-01-01 09:40:00+00:00,20.922688488061183,0.2916039862867127,21.0,7.198859056305319,221.7389790115581,1.0,1.0,0.0,-0.10724617540836334,-0.13876940821851136,-3.2173852622509003,-4.163082246555341,15.467166999769688,15.348792000168032,0.1162499997917621,eval
2025-01-01 10:00:00+00:00,20.84554618609517,0.3059236955799637,21.0,6.871832415586727,241.9015437148075,0.0,0.0,0.0,-0.1067814975976944,-0.12958339593919632,-3.203444927930832,-3.8875018781758897,17.205209000167088,17.08783300000505,0.11549999999260763,eval
2025-01-01 10:20:00+00:00,20.789636225167026,0.33213028913513787,21.0,6.588844218361674,226.18626834043448,4.0,4.0,0.0,-0.1295558512210846,-0.09510930844139764,-3.886675536632538,-2.8532792532419293,17.6372910000282,17.520375000003696,0.11508300030982355,eval
2025-01-01 10:40:00+00:00,20.893167671120704,0.34130527351933876,21.0,6.6471499663552835,257.9842205302328,3.0,3.0,0.0,-0.12441995739936829,-0.0560385034400106,-3.7325987219810486,-1.681155103200318,19.108125000002474,18.990832999861595,0.11524999990797369,eval
2025-01-01 11:00:00+00:00,21.076163929382307,0.3542681294444491,21.0,6.167157118427039,239.5883291293551,2.0,2.0,0.0,-0.14458511769771576,-0.11585283809668567,-4.337553530931473,-3.47558514290057,17.128041999967536,17.006333000153973,0.11979100008829846,eval
2025-01-01 11:20:00+00:00,21.10758938877591,0.36002624725363164,21.0,6.332092674557385,247.37883454586265,3.0,3.0,0.0,-0.14112642407417297,-0.09202693081854108,-4.233792722225189,-2.7608079245562323,17.16337499965448,17.04474999996819,0.11662500037346035,eval
2025-01-01 11:40:00+00:00,21.227827070351065,0.3585818371343186,21.0,5.42130579328609,247.34327684160607,4.0,4.0,0.0,-0.14191940426826477,-0.1270828609941823,-4.257582128047943,-3.8124858298254694,17.57004199998846,17.45241700018596,0.11570900005608564,eval
2025-01-01 12:00:00+00:00,21.282387391737576,0.3720613798804815,21.0,5.260346683170188,235.6240946681032,5.0,5.0,0.0,-0.17665612697601318,-0.1853639919835004,-5.2996838092803955,-5.560919759505012,18.71270799983904,18.594832999951905,0.11595899968597223,eval
2025-01-01 12:20:00+00:00,21.294501745075575,0.45799987328121217,21.0,4.671004180805663,245.73539238158511,2.0,2.0,0.0,-0.19557347893714905,-0.19448234824258748,-5.867204368114471,-5.834470447277624,16.1292500001764,16.011707999950886,0.11575000007724157,eval
2025-01-01 12:40:00+00:00,21.301946817000324,0.5203795605993984,21.0,4.011685181326895,256.06384399986734,1.0,1.0,0.0,-0.23817461729049683,-0.23445433361538548,-7.145238518714905,-7.033630008461564,16.403332999743725,16.285249999782536,0.11495900025693118,eval
2025-01-01 13:00:00+00:00,21.304069191416758,0.5741285678550903,21.0,3.847587519196415,213.9341447159007,1.0,1.0,0.0,-0.27579236030578613,-0.1807202592458701,-8.273770809173584,-5.421607777376103,17.3579580000478,17.184457999974256,0.17158400032712962,eval
2025-01-01 13:20:00+00:00,21.34094164959993,0.5421835036904545,21.0,2.796842816531961,228.76905613187483,4.0,4.0,0.0,-0.275282621383667,-0.22127907108934508,-8.25847864151001,-6.638372132680352,17.947124999864172,17.817749999721855,0.1274159999411495,eval
2025-01-01 13:40:00+00:00,21.356944999290224,0.6118884770242129,21.0,2.2104757003197397,214.23958370162484,2.0,2.0,0.0,-0.29593732953071594,-0.2978940906216927,-8.878119885921478,-8.936822718650781,16.01695799990921,15.894791000391706,0.12033400025757146,eval
2025-01-01 14:00:00+00:00,21.262052452634116,0.6673479274096691,21.0,2.5956605141499502,220.26497020655788,3.0,6.0,3.0,-0.312848836183548,-0.11738671717487037,-9.38546508550644,-3.521601515246111,17.515540999738732,17.39887500025361,0.11474999973870581,eval
2025-01-01 14:20:00+00:00,21.49949925793685,0.6919416108969308,21.0,1.9280088561082425,170.59628351329647,3.0,6.0,3.0,-0.33721232414245605,-0.22738101465472838,-10.116369724273682,-6.821430439641851,16.99162500017337,16.87483300020176,0.11487499978102278,eval
2025-01-01 14:40:00+00:00,21.507739641454698,0.8755855931911435,21.0,1.4096737926569047,173.5799819469251,2.0,5.0,3.0,-0.3527394235134125,-0.25174741553016133,-10.582182705402374,-7.55242246590484,14.231916999960958,14.114792000327725,0.11454100012997515,eval
2025-01-01 15:00:00+00:00,21.689754736024785,0.9672738104883125,21.0,1.4809801051980205,149.18920501551577,1.0,4.0,3.0,-0.3874090313911438,-0.38192268333072477,-11.622270941734314,-11.457680499921743,13.171208000130719,13.000999999803753,0.16808300006232457,eval
2025-01-01 15:20:00+00:00,21.781200652892455,1.0,21.0,0.6404326787025844,146.98607235791266,1.0,1.0,0.0,-0.422180712223053,-0.4560747911827683,-12.66542136669159,-13.682243735483048,24.620415999834222,24.495874999956868,0.12262500013093813,eval
2025-01-01 15:40:00+00:00,21.783985261307453,1.0,21.0,0.1929097123505979,131.5724375202913,3.0,3.0,0.0,-0.45462632179260254,-0.5051250714623094,-13.638789653778076,-15.153752143869283,24.648334000175964,24.52883399973871,0.11750000021493179,eval
2025-01-01 16:00:00+00:00,21.746540531948312,1.0,21.0,0.4993645008313492,109.12907727798544,6.0,6.0,0.0,-0.46908214688301086,-0.47227764773005987,-14.072464406490326,-14.168329431901796,21.65591700031655,21.537749999879452,0.11629100026766537,eval
2025-01-01 16:20:00+00:00,21.817690476907202,1.0,21.0,0.1797079354114286,56.567837052106114,1.0,7.0,6.0,-0.4916548728942871,-0.3443411762939661,-14.749646186828613,-10.330235288818983,18.86937500012209,18.752083999970637,0.11541699996087118,eval
2025-01-01 16:40:00+00:00,21.721539355561035,0.9999981968417556,21.0,0.019491813665014,59.88144862039866,2.0,11.0,9.0,-0.4882712662220001,-0.1777639254404697,-14.648137986660004,-5.332917763214091,18.9093750000211,18.77924999962488,0.1283340002373734,eval
2025-01-01 17:00:00+00:00,21.828079617092722,0.9999982572538028,21.0,-0.5105083557109259,27.871015230136297,2.0,15.0,13.0,-0.4732694625854492,-0.013366636555254274,-14.198083877563477,-0.40099909665762823,16.764041999977053,16.647708999698807,0.11437500006650225,eval
2025-01-01 17:20:00+00:00,21.996803959451512,0.9999981234636364,21.0,-0.3162698469281484,25.05874442299496,4.0,12.0,8.0,-0.45071715116500854,-0.2387684011933331,-13.521514534950256,-7.163052035799993,14.264333000028273,14.145749999897816,0.11629199980234262,eval
2025-01-01 17:40:00+00:00,22.002699324903812,0.9999978664919088,21.0,-0.5648614352538779,0.0,3.0,8.0,5.0,-0.44021058082580566,-0.49280944824653616,-13.20631742477417,-14.784283447396085,13.925457999903301,13.808624999910535,0.11483399975986686,eval
2025-01-01 18:00:00+00:00,21.65583324413649,1.0,21.0,-0.0008856711099676,0.0,3.0,3.0,0.0,-0.4434044361114502,-0.6481651472048569,-13.302133083343506,-19.444954416145706,10.633958000198618,10.517042000174115,0.11495799981275923,eval
2025-01-01 18:20:00+00:00,21.208264962016845,1.0,21.0,-0.4973683351822864,0.0,3.0,3.0,0.0,-0.4652249217033386,-0.7147952445628256,-13.956747651100159,-21.44385733688477,9.01266700020642,8.896499999991647,0.11433300005592173,eval
2025-01-01 18:40:00+00:00,20.69113171962207,1.0,21.0,-0.9305634719822922,0.0,0.0,0.0,0.0,-0.4992522597312927,-0.7332961032574374,-14.977567791938782,-21.998883097723123,7.32987499986848,7.214166999801819,0.11399999993955134,eval
2025-01-01 19:00:00+00:00,20.060533904868368,0.9999777230149249,21.0,-0.7825785600876648,14.529564715530034,0.0,0.0,0.0,-0.5300654768943787,-0.6644407129258241,-15.90196430683136,-19.933221387774722,4.264041000169527,4.145041999890964,0.11704200005624443,eval
2025-01-01 19:20:00+00:00,19.574534385697138,0.9999951865177902,21.0,-0.7091535887891348,0.0,1.0,1.0,0.0,-0.5494444966316223,-0.6819277034242646,-16.48333489894867,-20.457831102727937,12.295083000026352,12.175540999578516,0.1178750003418827,eval
2025-01-01 19:40:00+00:00,19.108911998261934,1.0,21.0,0.27202569260836,0.0,0.0,0.0,0.0,-0.5615483522415161,-0.6289274737087602,-16.846450567245483,-18.867824211262807,19.194916999822453,19.079791999956797,0.11349999977028347,eval
2025-01-01 20:00:00+00:00,18.749771346213958,0.999998580196036,18.0,-0.7019198612110886,0.0,0.0,0.0,0.0,-0.5599409937858582,-0.6594177376259687,-16.798229813575745,-19.78253212877906,18.360375000156637,18.2457500000055,0.11295800004518242,eval
2025-01-01 20:20:00+00:00,18.32325014841694,1.0,18.0,0.0082783947036525,0.0,1.0,1.0,0.0,-0.5668442249298096,-0.5495486741689781,-17.005326747894287,-16.486460225069344,14.026165999894147,13.906832999964536,0.11729200014087837,eval
2025-01-01 20:40:00+00:00,18.108136502358498,0.999997423339912,18.0,0.2244400627207999,0.0,0.0,0.0,0.0,-0.5492669343948364,-0.6040387492632853,-16.478008031845093,-18.121162477898558,12.418207999871811,12.286959000448405,0.12945800017405418,eval
2025-01-01 21:00:00+00:00,17.831072359392827,1.0,18.0,0.4034594087117304,0.0,0.0,0.0,0.0,-0.5385761260986328,-0.5422827038183904,-16.157283782958984,-16.26848111455171,10.31079199992746,10.188792000008107,0.12020799977108254,eval
2025-01-01 21:20:00+00:00,17.64313287853357,0.9999936247280172,18.0,0.4459591931976295,10.575059204069662,0.0,0.0,0.0,-0.5238794684410095,-0.5332476061769995,-15.716384053230286,-15.997428185309985,5.403999999998632,5.2847500001007575,0.11754099978134036,eval
2025-01-01 21:40:00+00:00,17.499196044263776,0.9999928470930237,18.0,1.1913305910638536,0.0,0.0,0.0,0.0,-0.5112597942352295,-0.5689014820624116,-15.337793827056885,-17.06704446187235,6.67462500041438,6.553791999976966,0.11891700023625162,eval
2025-01-01 22:00:00+00:00,17.3518126209396,1.0,18.0,1.1557321386105452,5.719712249880886,0.0,0.0,0.0,-0.5063025951385498,-0.5092826590832118,-15.189077854156494,-15.278479772496354,8.231083999817201,8.102458000394108,0.12504200003604637,eval
2025-01-01 22:20:00+00:00,17.282204557416406,0.9999921696075775,18.0,1.8629078781000024,6.307536444958876,0.0,0.0,0.0,-0.4936280846595764,-0.6068745129700943,-14.808842539787292,-18.20623538910283,7.79170800024076,7.547291999799199,0.2420840000922908,eval
2025-01-01 22:40:00+00:00,17.162776354027855,1.0,18.0,1.6722045611063527,0.0,0.0,0.0,0.0,-0.4961317777633667,-0.5628967693725286,-14.883953332901001,-16.88690308117586,9.581540999988647,9.437457999865728,0.14216699992175563,eval
2025-01-01 23:00:00+00:00,17.070445277080033,1.0,18.0,2.1756129388804406,0.0,0.0,0.0,0.0,-0.4896814227104187,-0.4924923227869016,-14.690442681312561,-14.774769683607047,7.826125000065076,7.694500000070548,0.12962500022695167,eval
2025-01-01 23:20:00+00:00,17.084263014001152,0.999992835275206,18.0,2.3742446156276955,0.0,0.0,0.0,0.0,-0.47596442699432373,-0.5136266675027734,-14.278932809829712,-15.408800025083202,7.833084000139934,7.7069590001883626,0.12433300025804783,eval
2025-01-01 23:40:00+00:00,17.088025211981257,0.999992146138825,18.0,3.3812162478042747,0.0,0.0,0.0,0.0,-0.4658408761024475,-0.4875280734426326,-13.975226283073425,-14.625842203278978,6.513625000025058,6.390167000063229,0.1216669998029829,eval
2025-01-02 00:00:00+00:00,17.17807760528236,0.9999900551628534,18.0,1.7463864764414736,12.012796699598663,0.0,0.0,0.0,-0.46173524856567383,-0.45514841557574925,-13.852057456970215,-13.654452467272478,6.118916000104946,5.997458999900118,0.11962500002482557,eval
2025-01-02 00:20:00+00:00,17.22103939260335,0.9999870803587347,18.0,1.9229844814823205,0.0,0.0,0.0,0.0,-0.45283734798431396,-0.5455203910473116,-13.585120439529419,-16.36561173141935,5.576957999892329,5.455000000438304,0.12020800022582989,eval
2025-01-02 00:40:00+00:00,17.157617619391,1.0,18.0,2.2806147518621103,0.0,1.0,1.0,0.0,-0.45921099185943604,-0.4465909907482555,-13.776329755783081,-13.397729722447664,3.9764999996805273,3.85770799994134,0.11704199960149708,eval
2025-01-02 01:00:00+00:00,17.251739789924343,0.9999792582173579,18.0,2.264883871546493,0.0,2.0,2.0,0.0,-0.4483148753643036,-0.44885356874488025,-13.449446260929108,-13.465607062346407,4.445209000095929,4.326833000050101,0.11612500020419247,eval
2025-01-02 01:20:00+00:00,17.37031249424776,0.9999979055668943,18.0,3.0514019137278523,0.0,0.0,0.0,0.0,-0.44013476371765137,-0.44206049796650504,-13.204042911529541,-13.261814938995151,4.086291000021447,3.9299579998441914,0.15454200001840945,eval
2025-01-02 01:40:00+00:00,17.46911442924371,0.9999999074124989,18.0,4.18175602898942,16.18620332945367,0.0,0.0,0.0,-0.429773211479187,-0.4064733882459386,-12.89319634437561,-12.194201647378158,3.982250000262866,3.8607920000686136,0.11970800005656201,eval
2025-01-02 02:00:00+00:00,17.69777181401892,0.8892467808214315,18.0,3.868228113458707,0.0,0.0,0.0,0.0,-0.41680604219436646,-0.5110098733888009,-12.504181265830994,-15.330296201664027,3.983500000231288,3.863208999973722,0.11854100011987612,eval
2025-01-02 02:20:00+00:00,17.60193481174651,0.9071751996717735,18.0,4.819014751034002,3.6653935983353314,0.0,0.0,0.0,-0.41825729608535767,-0.3998455358598605,-12.54771888256073,-11.995366075795815,3.9947919999576698,3.876665999996476,0.11637499983407906,eval
2025-01-02 02:40:00+00:00,17.712490138981053,0.8041462121046897,18.0,5.337837446110379,0.0,0.0,0.0,0.0,-0.3984958529472351,-0.42445388497262826,-11.954875588417053,-12.733616549178848,3.973249999944528,3.8566670000363956,0.11479199974928633,eval
2025-01-02 03:00:00+00:00,17.67136178938275,0.7915261226611212,18.0,5.525963056529909,0.0,1.0,1.0,0.0,-0.3875170946121216,-0.39478123905514906,-11.625512838363647,-11.843437171654472,3.975042000092799,3.858083000068291,0.11529199991855421,eval
2025-01-02 03:20:00+00:00,17.689326531415336,0.7583898433230863,18.0,6.098692864667725,7.558582307520761,0.0,0.0,0.0,-0.3745693862438202,-0.3563565898395069,-11.237081587314606,-10.690697695185207,3.9766250001775916,3.858333000152925,0.11658400035230443,eval
2025-01-02 03:40:00+00:00,17.714394866838333,0.6967588730453855,18.0,6.176476533245828,13.469925430135977,1.0,1.0,0.0,-0.35839399695396423,-0.27085978171398395,-10.751819908618927,-8.125793451419518,3.9668750000600994,3.849707999961538,0.11549999999260763,eval
2025-01-02 04:00:00+00:00,17.786995591565947,0.6454602326939103,18.0,6.733312832862813,0.6809489053506211,0.0,0.0,0.0,-0.3291904926300049,-0.2906119928368085,-9.875714778900146,-8.718359785104255,3.9684160001343116,3.8528330001099675,0.1138330003414012,eval
2025-01-02 04:20:00+00:00,17.738168856789123,0.6381713820028996,18.0,6.888650963381177,17.083097904916823,0.0,0.0,0.0,-0.31562477350234985,-0.3522378478868191,-9.468743205070496,-10.567135436604573,3.98266699994565,3.86812499982625,0.11283399999229005,eval
2025-01-02 04:40:00+00:00,17.662566065911722,0.6878642339684315,18.0,7.313799295227306,5.593986201999569,0.0,0.0,0.0,-0.318526029586792,-0.31260032517219827,-9.55578088760376,-9.378009755165948,3.9581670002917235,3.8418340000134776,0.11458300014055567,eval
2025-01-02 05:00:00+00:00,17.703237634458258,0.6745191884085291,18.0,7.263716506212339,16.78813320920787,1.0,1.0,0.0,-0.3101567029953003,-0.3263366516334152,-9.304701089859009,-9.790099549002456,3.960082999583392,3.844625000056112,0.11375000030966476,eval
2025-01-02 05:20:00+00:00,17.76176617865378,0.7248181505548456,18.0,6.828164775296966,0.0,2.0,2.0,0.0,-0.31237179040908813,-0.2978761031040875,-9.371153712272644,-8.936283093122626,3.982874999564956,3.8681250002809975,0.11287500001344597,eval
2025-01-02 05:40:00+00:00,17.88928606879173,0.7803980195598723,18.0,6.921904661258128,16.31077226050641,0.0,0.0,0.0,-0.31670624017715454,-0.33277796068156107,-9.501187205314636,-9.983338820446832,3.8680829998156696,3.751791000013327,0.11466699970696936,eval
2025-01-02 06:00:00+00:00,18.02364399556299,0.8605290971036942,18.0,7.7419518370792195,9.28849258469996,0.0,0.0,0.0,-0.3264791667461395,-0.33402847689264803,-9.794375002384186,-10.020854306779441,4.14654199994402,4.030875000353262,0.11387499989723437,eval
2025-01-02 06:20:00+00:00,18.296031710275887,1.0,18.0,7.766597568350098,12.281216848067018,1.0,1.0,0.0,-0.3326687216758728,-0.3040744458351732,-9.980061650276184,-9.122233375055195,7.772292000026937,7.657416999791167,0.11325000014039688,eval
2025-01-02 06:40:00+00:00,18.818086982954632,1.0,18.0,7.475059732641274,3.995522600910345,1.0,1.0,0.0,-0.3385505676269531,-0.3443340864874287,-10.156517028808594,-10.33002259462286,6.455332999848906,6.339999999909196,0.11354199978086399,eval
2025-01-02 07:00:00+00:00,19.234495639983553,1.0,21.0,6.31665220086387,32.516147528569846,0.0,0.0,0.0,-0.3556727170944214,-0.40114377094892717,-10.670181512832642,-12.034313128467815,4.613250000147673,4.497875000197382,0.11370799984433688,eval
2025-01-02 07:20:00+00:00,19.523313557744583,0.9999946093289083,21.0,7.426838332314027,39.020045631416885,1.0,1.0,0.0,-0.35677802562713623,-0.35735788306646654,-10.703340768814087,-10.720736491993996,4.7090000002754095,4.592875000071217,0.1144580000982387,eval
2025-01-02 07:40:00+00:00,19.951533038808922,0.9999869075348322,21.0,7.308649883651133,29.654635895134582,2.0,2.0,0.0,-0.34957724809646606,-0.28802784990364927,-10.487317442893982,-8.640835497109478,4.12179200020546,3.959749999921769,0.1596669999344158,eval
2025-01-02 08:00:00+00:00,20.430889808601503,0.8861592851451874,21.0,7.032424233480891,32.97528412933398,3.0,3.0,0.0,-0.3383166491985321,-0.3465343953700426,-10.149499475955963,-10.396031861101278,10.559208999893599,10.419165999792313,0.13791599985779612,eval
2025-01-02 08:20:00+00:00,20.68702104618615,0.7980734912518938,21.0,6.960457851277591,30.888399749093903,0.0,0.0,0.0,-0.3472962975502014,-0.41841863197653595,-10.418888926506042,-12.552558959296078,7.799999999861029,7.641374999820982,0.15666599983887863,eval
2025-01-02 08:40:00+00:00,20.624088309765938,0.7582174034584884,21.0,6.227764911920061,63.599182806061705,3.0,3.0,0.0,-0.3505527377128601,-0.3266895234936342,-10.516582131385803,-9.800685704809027,14.035541999874113,13.905290999900899,0.1284169998143625,eval
2025-01-02 09:00:00+00:00,20.722322112855558,0.7245171464020185,21.0,6.2249200144243595,71.73685639285767,1.0,1.0,0.0,-0.3448347747325897,-0.352203136887681,-10.345043241977692,-10.56609410663043,18.696709000323608,18.56916699989597,0.12575000027936767,eval
2025-01-02 09:20:00+00:00,20.691405901143884,0.7333204000665643,21.0,5.209084490669719,69.31644892379114,4.0,4.0,0.0,-0.341511070728302,-0.2968933789748647,-10.24533212184906,-8.90680136924594,23.92024999971909,23.796124999989843,0.12216600043757353,eval
2025-01-02 09:40:00+00:00,20.764188028814672,0.7207405442048949,21.0,5.133594494373617,67.64904995907719,2.0,2.0,0.0,-0.3393247723579407,-0.3899025295224021,-10.17974317073822,-11.697075885672064,26.426707999689825,26.30200000021432,0.12279199972908827,eval
2025-01-02 10:00:00+00:00,20.647451415697482,0.7555183475580017,21.0,5.058719384478449,78.47389071413244,7.0,7.0,0.0,-0.3360986113548279,-0.27099685022330533,-10.082958340644836,-8.12990550669916,9.991000000354688,9.867834000033326,0.12137500016251579,eval
2025-01-02 10:20:00+00:00,20.889137444943838,0.8191170602275881,21.0,4.003890587292177,94.59961143627106,2.0,2.0,0.0,-0.3424641191959381,-0.4276293749019935,-10.273923575878143,-12.828881247059805,8.07195800007321,7.950875000005908,0.11924999989787466,eval
2025-01-02 10:40:00+00:00,20.851023032440576,0.988745212299051,21.0,3.4763384178300085,74.12394068896539,2.0,2.0,0.0,-0.3660821318626404,-0.4673145508725547,-10.982463955879211,-14.01943652617664,7.8758330000709975,7.7569169998241705,0.11712500008798088,eval
2025-01-02 11:00:00+00:00,20.940385249954655,1.0,21.0,3.6471081825557294,87.37759811387347,3.0,3.0,0.0,-0.3874996304512024,-0.37864797308885656,-11.624988913536072,-11.359439192665697,11.721291999947425,11.598666999816487,0.12095800002498436,eval
2025-01-02 11:20:00+00:00,21.19889584904961,1.0,21.0,3.1062519064322713,56.2855535178048,5.0,5.0,0.0,-0.3892695903778076,-0.44786722448354865,-11.678087711334229,-13.43601673450646,11.099542000010842,10.980708000261075,0.11708300007740036,eval
2025-01-02 11:40:00+00:00,21.344707761711295,1.0,21.0,1.9827867647708353,84.76740948931823,4.0,4.0,0.0,-0.40239962935447693,-0.4622829940473103,-12.071988880634308,-13.86848982141931,11.570208000193816,11.451542000031623,0.11695800003508339,eval
2025-01-02 12:00:00+00:00,21.423577660159523,1.0,21.0,2.0217550072585193,86.12676023128097,1.0,1.0,0.0,-0.4300609529018402,-0.5545204052261425,-12.901828587055206,-16.635612156784276,12.778625000009924,12.660374999995838,0.11654199988697655,eval
2025-01-02 12:20:00+00:00,21.310534749555217,1.0,21.0,1.3605429543685068,80.42526629711688,7.0,7.0,0.0,-0.42193883657455444,-0.39871066350438156,-12.658165097236633,-11.961319905131447,13.232540999979392,13.113541999700828,0.11725000013029785,eval
2025-01-02 12:40:00+00:00,21.5090084442672,1.0,21.0,-0.0324805307597694,90.80776235872864,2.0,2.0,0.0,-0.45174187421798706,-0.6401687150224653,-13.552256226539612,-19.20506145067396,13.75899999993635,13.639667000006739,0.11733299970728694,eval
2025-01-02 13:00:00+00:00,21.22463258212724,1.0,21.0,-0.0089359318954646,82.83806889583897,5.0,5.0,0.0,-0.46120572090148926,-0.5396006800347202,-13.836171627044678,-16.188020401041605,13.27125000034357,13.108167000154936,0.16129200002978905,eval
2025-01-02 13:20:00+00:00,21.1433605957095,1.0,21.0,0.2392153425777154,73.2863694673106,2.0,2.0,0.0,-0.4912835359573364,-0.5963017331440241,-14.738506078720093,-17.889051994320724,13.3306249999805,13.21025000015652,0.11879100020451006,eval
2025-01-02 13:40:00+00:00,20.906049552978857,1.0,21.0,-1.0776178314659195,52.171747605276366,1.0,1.0,0.0,-0.5221878886222839,-0.6579894011425225,-15.665636658668518,-19.739682034275674,12.457667000035144,12.341791999915586,0.11433300005592173,eval
2025-01-02 14:00:00+00:00,20.466716937313535,1.0,21.0,-1.0030788857824604,67.64311806321571,3.0,3.0,0.0,-0.5389571785926819,-0.5939356501237398,-16.168715357780457,-17.818069503712195,11.535583000295446,11.421417000292422,0.11270799996054848,eval
2025-01-02 14:20:00+00:00,20.21987977393047,1.0,21.0,-1.3506311781944835,69.38168794441502,5.0,5.0,0.0,-0.5538276433944702,-0.5605706481506552,-16.614829301834106,-16.817119444519655,10.96795800003747,10.853875000066182,0.11254199989707558,eval
2025-01-02 14:40:00+00:00,20.07050851120781,1.0,21.0,-1.892221415245147,61.311900776113035,3.0,3.0,0.0,-0.5754925608634949,-0.6233690703838022,-17.264776825904846,-18.701072111514065,11.099875000127213,10.986042000240559,0.11224999980186112,eval
2025-01-02 15:00:00+00:00,19.751999446789053,0.9999975942105906,21.0,-2.4853152065873587,53.496609574266984,6.0,10.0,4.0,-0.5795745849609375,-0.39757002961270516,-17.387237548828125,-11.927100888381155,8.951750000051106,8.837332999974024,0.11279199998170952,eval
2025-01-02 15:20:00+00:00,19.72718038901712,0.9999975281415717,21.0,-2.7856164400615677,40.45274784124535,3.0,12.0,9.0,-0.5944298505783081,-0.18105536375320597,-17.832895517349243,-5.431660912596179,9.504791999916051,9.391084000071714,0.11204100019313046,eval
2025-01-02 15:40:00+00:00,19.77625925059988,0.9999975406525782,21.0,-3.1759165310229536,33.53473586159107,2.0,11.0,9.0,-0.5884583592414856,-0.22879008243121035,-17.653750777244568,-6.8637024729363105,10.493457999928069,10.378916000263416,0.11304100007691886,eval
2025-01-02 16:00:00+00:00,19.704071316574762,0.9999977272332654,21.0,-2.949091237586404,40.173971353427696,7.0,15.0,8.0,-0.5534246563911438,-0.2265763466971933,-16.602739691734314,-6.797290400915799,10.700792000079673,10.586875000171858,0.11233299983359757,eval
2025-01-02 16:20:00+00:00,19.83198331079466,0.9999976521354751,21.0,-3.565856530630247,42.6492530353183,3.0,8.0,5.0,-0.5435017347335815,-0.4418691584571164,-16.305052042007446,-13.256074753713492,11.095792000105575,10.98150000007081,0.11245799987591454,eval
2025-01-02 16:40:00+00:00,19.57153898091235,0.9999974724760536,21.0,-3.7635213137162737,23.44308899140595,3.0,3.0,0.0,-0.5395683646202087,-0.7142531981249114,-16.187050938606262,-21.427595943747342,9.674707999693055,9.56037500009188,0.1126670003941399,eval
2025-01-02 17:00:00+00:00,19.00406480455901,1.0,21.0,-3.9768063077286784,33.29853363857168,3.0,3.0,0.0,-0.5497470498085022,-0.6683224731009823,-16.492411494255066,-20.049674193029468,9.052583000084269,8.933333000186394,0.11758300024666823,eval
2025-01-02 17:20:00+00:00,18.52348713199791,1.0,21.0,-3.874673870603486,15.1241111763879,6.0,6.0,0.0,-0.5532416105270386,-0.5964502195542316,-16.597248315811157,-17.89350658662695,9.127499999976862,9.01308299989978,0.11270799996054848,eval
2025-01-02 17:40:00+00:00,18.213395474640368,1.0,21.0,-3.7601717062546176,9.321633821664504,3.0,3.0,0.0,-0.5752559900283813,-0.7250259669678449,-17.25767970085144,-21.750779009035348,8.891167000001587,8.775708000030136,0.11387499989723437,eval
2025-01-02 18:00:00+00:00,17.688598744462155,0.9999966522547322,21.0,-4.241712520775218,2.977894687477497,3.0,10.0,7.0,-0.5868105292320251,-0.3456534498065267,-17.604315876960754,-10.3696034941958,8.396625000386848,8.282833000066603,0.11216700022487203,eval
2025-01-02 18:20:00+00:00,17.533077721272967,0.9999965644677471,21.0,-5.002337499277471,0.0,5.0,12.0,7.0,-0.5708156228065491,-0.343034910909779,-17.124468684196472,-10.29104732729337,9.51462500006528,9.40154199997778,0.11154200001328718,eval
2025-01-02 18:40:00+00:00,17.404579754051674,0.9999964716231894,21.0,-4.343722213030094,1.767246038124072,0.0,7.0,7.0,-0.5661894679069519,-0.3673732806402832,-16.985684037208557,-11.021198419208496,9.200832999795239,9.087041999919165,0.11224999980186112,eval
2025-01-02 19:00:00+00:00,17.1358379077352,0.9999967765726295,21.0,-3.770327641889068,0.0,0.0,0.0,0.0,-0.5462889075279236,-0.6945934762339085,-16.388667225837708,-20.837804287017256,9.430832999896666,9.314291000009689,0.11479199974928633,eval
2025-01-02 19:20:00+00:00,16.586869985725517,0.999996514780031,21.0,-3.71992224365537,13.833493150500558,0.0,0.0,0.0,-0.5636557936668396,-0.6472420814999182,-16.909673810005188,-19.417262444997547,7.394374999876163,7.261083000230428,0.131667000005109,eval
2025-01-02 19:40:00+00:00,16.148882477455786,0.999996452624315,21.0,-3.643124985195824,0.0,0.0,0.0,0.0,-0.5799857378005981,-0.6333456389281729,-17.399572134017944,-19.000369167845186,8.356332999937877,8.240249999744265,0.11458300014055567,eval
2025-01-02 20:00:00+00:00,15.728011424442556,0.9999966564399747,18.0,-3.8577793574545463,0.0,1.0,1.0,0.0,-0.575268566608429,-0.6090881955913243,-17.25805699825287,-18.27264586773973,8.292792000247573,8.179625000138913,0.11150000000270666,eval
2025-01-02 20:20:00+00:00,15.377104434286704,0.9999962567809532,18.0,-3.391893340117582,1.4256174597889175,0.0,0.0,0.0,-0.5611811876296997,-0.5404522267318193,-16.83543562889099,-16.213566801954578,7.342542000060348,7.22904100030064,0.1120419997278077,eval
2025-01-02 20:40:00+00:00,15.11335833550354,0.9999963026513496,18.0,-2.4828353886115213,13.210200541256128,0.0,0.0,0.0,-0.5369069576263428,-0.5586464547400389,-16.107208728790283,-16.759393642201168,6.751625000106287,6.638250000378321,0.11166700005560415,eval
2025-01-02 21:00:00+00:00,14.925355482111,0.9999964545729052,18.0,-2.6780054739056314,0.382892077196501,0.0,0.0,0.0,-0.5229251384735107,-0.5250262788641145,-15.687754154205322,-15.750788365923434,6.214332999661565,6.101416999626963,0.11141699997097021,eval
2025-01-02 21:20:00+00:00,14.744888366442346,0.9999959072837165,18.0,-1.9302360343767784,1.8005448070709154,0.0,0.0,0.0,-0.5042967796325684,-0.5070627544029538,-15.12890338897705,-15.211882632088614,6.105792000198562,5.99283400015338,0.11133299994980916,eval
2025-01-02 21:40:00+00:00,14.640913507801589,0.9999956543042857,18.0,-1.927569844490466,3.7914778615625897,0.0,0.0,0.0,-0.49311989545822144,-0.5805700794471456,-14.793596863746643,-17.417102383414367,5.647334000059345,5.533791999823734,0.11204100019313046,eval
2025-01-02 22:00:00+00:00,14.473811298966044,0.9999948611866262,18.0,-1.2567850375165932,0.0,0.0,0.0,0.0,-0.49318891763687134,-0.5474720081867961,-14.79566752910614,-16.424160245603883,5.412625000190019,5.299208999986149,0.11187500012965756,eval
2025-01-02 22:20:00+00:00,14.382496316251567,0.9999946771466551,18.0,-0.2849548494409171,10.94638135749404,1.0,1.0,0.0,-0.488857626914978,-0.41267848363530035,-14.66572880744934,-12.38035450905901,5.202374999953463,5.0891250002678134,0.11170799962201272,eval
2025-01-02 22:40:00+00:00,14.544989406728355,0.9999948376796112,18.0,-0.5201594271997176,0.0,0.0,0.0,0.0,-0.4685630202293396,-0.5290717577886177,-14.056890606880188,-15.872152733658531,4.999083999791765,4.885833999651368,0.11166700005560415,eval
2025-01-02 23:00:00+00:00,14.512001491655507,0.9999955445762775,18.0,-0.3868283122875632,24.50456273963777,1.0,1.0,0.0,-0.47881317138671875,-0.44004617623609477,-14.364395141601562,-13.201385287082843,4.547208000076353,4.433624999819585,0.11200000017197453,eval
2025-01-02 23:20:00+00:00,14.660361748402224,0.9999936348172547,18.0,0.0726782995138791,6.87205937251253,0.0,0.0,0.0,-0.46459871530532837,-0.45287313292228326,-13.937961459159851,-13.586193987668498,4.578833000323357,4.4651660000454285,0.11200000017197453,eval
2025-01-02 23:40:00+00:00,14.745962816035822,0.9999931962137103,18.0,0.9269986981322792,1.958211808224162,0.0,0.0,0.0,-0.45327654480934143,-0.44950521939270693,-13.598296344280243,-13.485156581781208,4.179375000148866,4.065833999902679,0.11208300020371098,eval
2025-01-03 00:00:00+00:00,14.871226647884546,0.9999896109742502,18.0,3.619377702057504,1.013920734543513,0.0,0.0,0.0,-0.4317108392715454,-0.42122792137291754,-12.951325178146362,-12.636837641187526,3.9168749999589636,3.7996659998498217,0.11541699996087118,eval
2025-01-03 00:20:00+00:00,15.176901086595041,0.999990972036026,18.0,4.421457485316478,18.138978144331062,0.0,0.0,0.0,-0.4103220999240875,-0.3172243023554895,-12.309662997722626,-9.516729070664685,3.56670800010761,3.449249999903259,0.11579200008782209,eval
2025-01-03 00:40:00+00:00,15.650615485301936,0.9999938975216465,18.0,5.160975643888244,0.0,0.0,0.0,0.0,-0.3725030720233917,-0.3501875108173671,-11.175092160701752,-10.505625324521013,4.068875000029948,3.955458999826078,0.11183300011907704,eval
2025-01-03 01:00:00+00:00,16.071041040530048,0.9999932371699011,18.0,5.559161214667843,0.0,0.0,0.0,0.0,-0.35606849193573,-0.3487386364038869,-10.6820547580719,-10.462159092116607,6.7992919998687285,6.677915999716788,0.11983300009887898,eval
2025-01-03 01:20:00+00:00,16.49158014661229,0.9999888849464986,18.0,5.831393440652111,4.1751968317524,0.0,0.0,0.0,-0.3448783755302429,-0.38192494639752184,-10.346351265907288,-11.457748391925655,5.008708000332263,4.895208000107232,0.11187500012965756,eval
2025-01-03 01:40:00+00:00,16.878378830445758,0.9999719800785025,18.0,6.9782701909626885,0.0,2.0,2.0,0.0,-0.33810025453567505,-0.31383005488203963,-10.143007636070251,-9.414901646461189,3.7385410000752017,3.625834000104078,0.11099999983343878,eval
2025-01-03 02:00:00+00:00,17.437169695971303,0.8547943141769725,18.0,6.976961250052368,5.678079967611063,0.0,0.0,0.0,-0.32795074582099915,-0.31549154767383314,-9.838522374629974,-9.464746430214994,3.8131669998620055,3.700124999795662,0.11145799999212613,eval
2025-01-03 02:20:00+00:00,17.702133841325313,0.6347273110385795,18.0,7.674213695129425,11.978325123930372,0.0,0.0,0.0,-0.3134475350379944,-0.3275569278958663,-9.403426051139832,-9.82670783687599,3.8960840001891484,3.782207999847742,0.11237500029892544,eval
2025-01-03 02:40:00+00:00,17.685476590359563,0.6337754868685583,18.0,7.837907278139446,5.900988711411328,0.0,0.0,0.0,-0.2959655225276947,-0.2899605443330877,-8.878965675830841,-8.698816329992631,3.54025000024194,3.425959000196599,0.11262500038355938,eval
2025-01-03 03:00:00+00:00,17.703749546332073,0.601407804848464,18.0,8.193708620076967,1.800068378490467,0.0,0.0,0.0,-0.2834351658821106,-0.24660858772682914,-8.503054976463318,-7.398257631804874,3.822167000180343,3.7091250001139997,0.11154100002386258,eval
2025-01-03 03:20:00+00:00,17.732109566574763,0.4998281110348709,18.0,9.040469777736948,15.88139560141844,1.0,1.0,0.0,-0.2603193521499634,-0.20305469738493898,-7.809580564498901,-6.091640921548169,3.9909170000100858,3.877084000123432,0.11233299983359757,eval
2025-01-03 03:40:00+00:00,17.772411961844547,0.4810557508459212,18.0,9.374897043893188,7.016651749118621,0.0,0.0,0.0,-0.23956379294395447,-0.2906475390560317,-7.186913788318634,-8.71942617168095,4.016583000066021,3.9036660000419943,0.11129199992865324,eval
2025-01-03 04:00:00+00:00,17.66542488239396,0.5466928215983559,18.0,8.852057420588697,3.734589722117101,1.0,1.0,0.0,-0.24550943076610565,-0.3115995995780949,-7.3652829229831696,-9.347987987342847,4.086250000000291,3.973750000113796,0.11095899981228285,eval
2025-01-03 04:20:00+00:00,17.63119569812282,0.5745865594357689,18.0,9.614487940280554,0.0,0.0,0.0,0.0,-0.2593598961830139,-0.22182105802785657,-7.7807968854904175,-6.654631740835697,4.1050410000025295,3.9909580000312417,0.11237499984417809,eval
2025-01-03 04:40:00+00:00,17.732793357834503,0.4836461342690009,18.0,9.544386832938429,24.267393512660203,0.0,0.0,0.0,-0.24848049879074097,-0.28527061729842274,-7.454414963722229,-8.558118518952682,4.088959000000614,3.975625000293803,0.11170800007676007,eval
2025-01-03 05:00:00+00:00,17.681857724044235,0.5100482632638241,18.0,10.03997032066328,5.823609057945265,0.0,0.0,0.0,-0.24913020431995392,-0.21846620729954225,-7.4739061295986176,-6.553986218986267,4.096791999927518,3.9846250001573935,0.11054199967475142,eval
2025-01-03 05:20:00+00:00,17.73059305922708,0.5360344021466341,18.0,9.96294149584295,17.38331077311742,0.0,0.0,0.0,-0.23901012539863586,-0.25501290880417926,-7.170303761959076,-7.650387264125378,4.063624999616877,3.9513329998044355,0.11070799973822432,eval
2025-01-03 05:40:00+00:00,17.794735841171374,0.5887188589142025,18.0,9.707913620062168,0.0,0.0,0.0,0.0,-0.24532932043075562,-0.22402146960179437,-7.3598796129226685,-6.720644088053831,4.182832999958919,4.061666999859881,0.11954199999308912,eval
2025-01-03 06:00:00+00:00,17.90971144078291,0.6379187018231834,18.0,10.061355360897132,0.0,0.0,0.0,0.0,-0.24503402411937714,-0.3286518779020753,-7.351020723581314,-9.859556337062259,4.172583000126906,4.059166999923036,0.11170800007676007,eval
2025-01-03 06:20:00+00:00,18.00324438064014,0.806941295801502,18.0,10.039358074462664,15.751907708448552,0.0,0.0,0.0,-0.26161494851112366,-0.23991048931454273,-7.84844845533371,-7.197314679436282,4.17079199996806,4.058208000060404,0.11099999983343878,eval
2025-01-03 06:40:00+00:00,18.44672234249395,1.0,18.0,10.010318882148534,34.919774567542035,0.0,0.0,0.0,-0.2661897838115692,-0.23508994079911716,-7.985693514347076,-7.052698223973515,5.65908299995499,5.54566699975112,0.11179200009792112,eval
2025-01-03 07:00:00+00:00,19.17528774320919,1.0,21.0,9.721474507038808,54.45866432739596,0.0,0.0,0.0,-0.2618221044540405,-0.2711901444868978,-7.854663133621216,-8.135704334606935,4.5451669998328725,4.432125000221276,0.11145899998155073,eval
2025-01-03 07:20:00+00:00,19.845786133206857,0.9999860909613745,21.0,9.416900703647611,66.61710111840162,0.0,0.0,0.0,-0.24580135941505432,-0.2059631555406476,-7.37404078245163,-6.178894666219428,3.8021660002414137,3.689375000249129,0.11124999991807272,eval
2025-01-03 07:40:00+00:00,20.54730458147538,0.5980989615926858,21.0,9.27847829004341,57.12932145191285,3.0,3.0,0.0,-0.22324641048908234,-0.2610028696766413,-6.69739231467247,-7.83008609029924,2.9942920000394224,2.8825409999626572,0.11008399997081142,eval
2025-01-03 08:00:00+00:00,20.661769323446403,0.5705586042233164,21.0,8.444523832186283,68.39756185921779,1.0,1.0,0.0,-0.2021898329257965,-0.3240460184995122,-6.065694987773895,-9.721380554985366,14.563875000021653,14.451750000262109,0.11050000011891825,eval
2025-01-03 08:20:00+00:00,20.573599078435695,0.5683126766051811,21.0,9.108919596988894,90.20218777382324,1.0,1.0,0.0,-0.2010939121246338,-0.2208122949221334,-6.032817363739014,-6.624368847664002,10.475540999777877,10.363374999997177,0.11066700017181574,eval
2025-01-03 08:40:00+00:00,20.674281470754984,0.48673377412948376,21.0,7.786888305099035,102.10109325967063,6.0,6.0,0.0,-0.21984024345874786,-0.16736292496631577,-6.595207303762436,-5.020887748989473,12.317832999997336,12.204374999782885,0.1117500000873406,eval
2025-01-03 09:00:00+00:00,20.81930442614993,0.44647761501108874,21.0,7.93579150861437,102.31136455935366,1.0,1.0,0.0,-0.2111167162656784,-0.32103251906108454,-6.333501487970352,-9.630975571832536,14.635999999882188,14.522999999826425,0.11133299994980916,eval
2025-01-03 09:20:00+00:00,20.588285855504278,0.48244417981519877,21.0,7.688113899407319,132.8612032552638,5.0,5.0,0.0,-0.22413960099220276,-0.12472726014357605,-6.724188029766083,-3.7418178043072814,16.880083000160084,16.764749999765627,0.11379200032024528,eval
2025-01-03 09:40:00+00:00,20.797359202913356,0.4407325026659932,21.0,7.672853542799243,151.67861012677108,2.0,2.0,0.0,-0.21548005938529968,-0.18511247862653235,-6.4644017815589905,-5.5533743587959705,21.566790999713703,21.45345899998574,0.11162500004502363,eval
2025-01-03 10:00:00+00:00,20.811825775332572,0.46349171312052834,21.0,6.75795895274364,160.4357293616718,4.0,4.0,0.0,-0.2169591337442398,-0.2091460992310381,-6.508774012327194,-6.274382976931143,24.11225000014383,23.99862500033123,0.1120409997383831,eval
2025-01-03 10:20:00+00:00,20.862540857171613,0.49549003280444126,21.0,6.11184819726973,139.94924382760482,1.0,1.0,0.0,-0.23063352704048157,-0.2875624954552656,-6.919005811214447,-8.626874863657967,23.325166000176978,23.213166000005003,0.11045900009776233,eval
2025-01-03 10:40:00+00:00,20.696854669036995,0.5452858922375355,21.0,5.657200246841443,146.86243562787934,7.0,7.0,0.0,-0.25544974207878113,-0.17635001457819044,-7.663492262363434,-5.290500437345713,30.37704100006522,30.26466699975572,0.11075000020355219,eval
2025-01-03 11:00:00+00:00,20.90858384284871,0.5837507117254629,21.0,4.49998636427267,173.11288906091133,5.0,5.0,0.0,-0.25665897130966187,-0.24511818393579077,-7.699769139289856,-7.353545518073723,36.53583300001628,36.420750000161206,0.1133749997279665,eval
2025-01-03 11:20:00+00:00,21.009093251402494,0.6241775232728929,21.0,4.629112638000735,155.02599436083008,3.0,3.0,0.0,-0.27609914541244507,-0.3240972066877319,-8.282974362373352,-9.722916200631957,30.746999999792024,30.628707999767357,0.11658299990813248,eval
2025-01-03 11:40:00+00:00,20.986097729214368,0.6655112261576246,21.0,4.759587981583549,170.45550246961847,5.0,5.0,0.0,-0.2884054481983185,-0.25599080004542785,-8.652163445949554,-7.679724001362835,35.982749999675434,35.8703339998101,0.11062499970648787,eval
2025-01-03 12:00:00+00:00,21.19580973253767,0.7190187538369703,21.0,2.921390228527871,165.01078948056204,1.0,1.0,0.0,-0.32038772106170654,-0.3880563291382302,-9.611631631851196,-11.641689874146905,38.280291999853944,38.16666600005192,0.11050000011891825,eval
2025-01-03 12:20:00+00:00,21.081269400825068,0.8062174946492808,21.0,3.022801232635365,183.51770967099452,2.0,2.0,0.0,-0.3498310446739197,-0.33290236267351503,-10.49493134021759,-9.98707088020545,128.6784170001738,128.52145799979553,0.1532920000499871,eval
2025-01-03 12:40:00+00:00,21.22726552657782,0.8869127425554219,21.0,1.9080912437446296,190.78517703505503,0.0,0.0,0.0,-0.38184309005737305,-0.3520000932437668,-11.455292701721191,-10.560002797313004,235.13787499996397,234.85249999976077,0.281250000170985,eval
2025-01-03 13:00:00+00:00,21.339363170011765,1.0,21.0,1.6085183813239516,160.46219043668594,1.0,1.0,0.0,-0.4104292690753937,-0.43726527706014195,-12.31287807226181,-13.117958311804259,194.61795799998072,194.35749999956897,0.25716700019984273,eval
2025-01-03 13:20:00+00:00,21.472504919837057,1.0,21.0,0.8617608521809439,138.67021011896531,2.0,2.0,0.0,-0.43123647570610046,-0.4582664964223824,-12.937094271183014,-13.747994892671471,96.50695800019093,96.27254099996208,0.23112500002753222,eval
2025-01-03 13:40:00+00:00,21.521600866259902,1.0,21.0,1.129734530525193,147.93953116706314,2.0,2.0,0.0,-0.44831448793411255,-0.4572916781570129,-13.449434638023376,-13.718750344710386,16.73383399975137,16.511000000264175,0.22087499974077218,eval
2025-01-03 14:00:00+00:00,21.603342936959596,1.0,21.0,0.1436986098918058,150.34000829428192,4.0,4.0,0.0,-0.4553912580013275,-0.43539260017054104,-13.661737740039825,-13.061778005116231,17.174916999920242,17.04337499995745,0.12975000026926864,eval
2025-01-03 14:20:00+00:00,21.714385027086884,1.0,21.0,-0.4591805002756053,141.46536966433746,7.0,7.0,0.0,-0.4509705603122711,-0.3851241795981899,-13.529116809368134,-11.553725387945697,18.093084000156523,17.96379200004594,0.12737499991999357,eval
2025-01-03 14:40:00+00:00,21.91511098850895,1.0,21.0,-0.6047813425004922,107.88653548185408,1.0,1.0,0.0,-0.4767342209815979,-0.5507623318730666,-14.302026629447937,-16.522869956191997,17.44854199978363,17.32933299990691,0.11745800020435126,eval
2025-01-03 15:00:00+00:00,21.662261521072356,1.0,21.0,-1.2619507658364757,117.56601861943352,2.0,2.0,0.0,-0.5034395456314087,-0.5702476343515173,-15.10318636894226,-17.107429030545518,16.629624999950465,16.511415999957535,0.11641699984465959,eval
2025-01-03 15:20:00+00:00,21.41835985341184,1.0,21.0,-1.570029215766985,120.31015148129023,1.0,1.0,0.0,-0.5388826131820679,-0.6522036532995656,-16.166478395462036,-19.56610959898697,16.28287499988801,16.166041999895242,0.11512499986565672,eval
2025-01-03 15:40:00+00:00,21.060806492257456,1.0,21.0,-2.2033727453739123,88.97589864533963,2.0,2.0,0.0,-0.5641900300979614,-0.6404639386165982,-16.925700902938843,-19.213918158497947,15.142000000196276,15.025749999949767,0.11458400012998027,eval
